
Y =

    -1    -3    -3    -3    -3    -1     3     8    11    14    13    10     3    -2    -3    -1

render process terminated: TS_PROCESS_WAS_KILLED

Y =

    -1    -3    -3    -3    -3    -1     3     8    11    14    13    10     3    -2    -3    -1

